10320853
12458351
13721636
14200059
14290420
15132954
15344997
16122641
17739515
17993355
19207041
19305469
19399590
19458493
19618157
20239853
20656882
20682159
20821892
20858763
21094213
21146228
22235874
22488435
24165317
24463224
24558590
24558690
26218883
26566622
26970701
27061871
27474094
27991324
28326889
28649662
28877610
29038760
30669270
30908435
30912148
30938968
31535359
31657374
32400004
32555934
33767515
34070552
34222919
34936546
35424649
35814443
36334258
36437990
36952626
37154310
37578639
37780728
37821473
40000469
40374042
40454718
40499801
40806059
40874601
41243220
41326018
41709987
42757876
42921860
43655932
44438356
44907584
46950034
47318357
48321904
48345151
48640920
49003806
49010014
49217700
49373165
50567944
51615484
51805044
51908132
52128939
53234851
53405759
53525527
54054765
54781049
55273303
55431928
57995800
59538759
59755589
59995823
60128224
60318086
60710002
61024160
61463617
61733927
62977863
63322249
63712740
63848978
63897411
64410741
64451065
64826892
65486958
66169179
66280508
66982408
67527611
67865627
68042861
68222141
68509588
69421485
69471551
69521141
69589677
69728561
69857641
69904724
70541956
72146421
73161256
73180200
73319781
73646487
74029348
74817618
75146147
75266060
76693280
77036112
77419198
77927744
78022700
79174136
79522533
79875371
80025638
80372985
80536482
80565519
81146566
81495375
81996482
82441235
82695655
83046370
83442272
83800811
84023986
84494578
84592403
84828896
85177239
85252155
87115777
87853683
87864995
88114224
88486595
88880742
89362701
90263871
90355493
90845321
90907958
90923086
91279625
91595402
91848625
91940319
92547619
92842656
93098545
93399513
93526413
93828220
93848610
94328670
94382100
94540823
94638028
94902697
94946362
95006569
96496349
97115436
97814928
99340159
99363144
99732630
